  
       XFOIL         Version 6.99
  
 Calculated polar for: NACA 0016                                       
  
 1 1 Reynolds number fixed          Mach number fixed         
  
 xtrf =   1.000 (top)        1.000 (bottom)  
 Mach =   0.000     Re =     1.000 e 6     Ncrit =   9.000  9.000
  
   alpha    CL        CD       CDp       CM     Top_Xtr  Bot_Xtr  Top_Itr  Bot_Itr
  ------ -------- --------- --------- -------- -------- -------- -------- --------
   0.500   0.0547   0.00663   0.00072   0.0004   0.5524   0.6240  25.7974 138.8957
   1.000   0.1094   0.00665   0.00074   0.0009   0.5177   0.6601  27.5998 140.7528
   1.500   0.1639   0.00671   0.00078   0.0014   0.4833   0.6961  29.3958 142.5987
   2.000   0.2183   0.00681   0.00083   0.0019   0.4489   0.7317  31.2058 144.4201
   2.500   0.2725   0.00695   0.00090   0.0025   0.4145   0.7667  33.0288 146.2109
   3.000   0.3267   0.00711   0.00098   0.0030   0.3806   0.8008  34.8441 147.9598
   3.500   0.3805   0.00730   0.00109   0.0037   0.3477   0.8327  36.6316 149.6085
   4.000   0.4340   0.00756   0.00122   0.0044   0.3151   0.8619  38.4302 151.1276
   4.500   0.4869   0.00786   0.00137   0.0052   0.2830   0.8886  40.2265 152.5439
   5.000   0.5389   0.00824   0.00154   0.0062   0.2515   0.9125  42.0358 153.8495
   5.500   0.5904   0.00864   0.00173   0.0073   0.2223   0.9332  43.7737 155.0370
   6.000   0.6415   0.00909   0.00195   0.0084   0.1952   0.9509  45.4517 156.1228
   6.500   0.6936   0.00962   0.00219   0.0092   0.1695   0.9659  47.1293 157.1153
   7.000   0.7505   0.01020   0.00247   0.0089   0.1459   0.9772  48.7970 157.9321
   7.500   0.8174   0.01084   0.00280   0.0063   0.1247   0.9823  50.4468 158.3358
   8.000   0.8848   0.01155   0.00318   0.0034   0.1061   0.9868  52.0580 158.7041
   8.500   0.9498   0.01222   0.00354   0.0011   0.0920   0.9915  53.4669 159.1061
   9.000   1.0176   0.01297   0.00395  -0.0020   0.0795   0.9945  54.8628 159.4237
   9.500   1.0831   0.01373   0.00438  -0.0047   0.0701   0.9981  56.0548 159.8017
  10.000   1.1341   0.01445   0.00476  -0.0044   0.0630   1.0000  57.0477 160.0000
  10.500   1.1600   0.01502   0.00498   0.0010   0.0585   1.0000  57.7296 160.0000
  11.000   1.1856   0.01564   0.00522   0.0065   0.0545   1.0000  58.3881 160.0000
  11.500   1.2104   0.01644   0.00556   0.0118   0.0506   1.0000  59.0475 160.0000
  12.000   1.2373   0.01718   0.00587   0.0167   0.0477   1.0000  59.5844 160.0000
  12.500   1.2638   0.01824   0.00638   0.0210   0.0448   1.0000  60.1320 160.0000
  13.000   1.2942   0.01935   0.00694   0.0242   0.0422   1.0000  60.6598 160.0000
  13.500   1.3201   0.02084   0.00775   0.0275   0.0399   1.0000  61.1316 160.0000
  14.000   1.3479   0.02237   0.00859   0.0300   0.0380   1.0000  61.5537 160.0000
  14.500   1.3657   0.02473   0.00998   0.0328   0.0360   1.0000  61.9878 160.0000
  15.000   1.3905   0.02682   0.01123   0.0345   0.0346   1.0000  62.3180 160.0000
  15.500   1.4088   0.02963   0.01298   0.0359   0.0332   1.0000  62.6672 160.0000
  16.000   1.4131   0.03399   0.01589   0.0369   0.0318   1.0000  62.9971 160.0000
  16.500   1.4265   0.03782   0.01848   0.0370   0.0310   1.0000  63.2184 160.0000
  17.000   1.4322   0.04274   0.02192   0.0365   0.0300   1.0000  63.4621 160.0000
  17.500   1.4291   0.04894   0.02641   0.0352   0.0292   1.0000  63.6782 160.0000
  18.000   1.4128   0.05713   0.03263   0.0327   0.0285   1.0000  63.8750 160.0000
  18.500   1.3882   0.06680   0.04029   0.0293   0.0278   1.0000  64.0392 160.0000
  19.000   1.3715   0.07577   0.04753   0.0259   0.0274   1.0000  64.1776 160.0000
  19.500   1.3471   0.08607   0.05622   0.0217   0.0269   1.0000  64.3215 160.0000
  20.000   1.3187   0.09723   0.06611   0.0169   0.0264   1.0000  64.4567 160.0000
